HOLDOUT clean F (folds 0/8/9):
  V9             0.99150 0.99160 0.99144   mean 0.99152 (+0.00000)
  mix0.75        0.99134 0.99143 0.99134   mean 0.99137 (-0.00015)
  mix0.5         0.99009 0.99009 0.98992   mean 0.99003 (-0.00148)
  veto0.02       0.99150 0.99160 0.99144   mean 0.99152 (+0.00000)
  veto0.1        0.99133 0.99144 0.99126   mean 0.99134 (-0.00017)
  cons_lam0.15   0.99152 0.99155 0.99144   mean 0.99150 (-0.00001)
  cons_a1.0      0.99140 0.99147 0.99137   mean 0.99141 (-0.00010)

TEST expected F under truth models (alpha_t, w) — minus 0.003 retrieval offset; accepted pairs per 1k S1
  V9             acc/1k  3363.6 | (1.0,1.0) 0.9856 [+0.0000] | (0.75,1.0) 0.9816 [+0.0000] | (0.5,1.0) 0.9777 [+0.0000] | (0.25,1.0) 0.9738 [+0.0000] | (0.0,1.0) 0.9700 [+0.0000]
  mix0.75        acc/1k  3360.3 | (1.0,1.0) 0.9853 [-0.0003] | (0.75,1.0) 0.9819 [+0.0003] | (0.5,1.0) 0.9786 [+0.0010] | (0.25,1.0) 0.9754 [+0.0016] | (0.0,1.0) 0.9722 [+0.0022]
  mix0.5         acc/1k  3347.9 | (1.0,1.0) 0.9834 [-0.0022] | (0.75,1.0) 0.9814 [-0.0002] | (0.5,1.0) 0.9795 [+0.0018] | (0.25,1.0) 0.9777 [+0.0039] | (0.0,1.0) 0.9759 [+0.0059]
  veto0.02       acc/1k  3363.6 | (1.0,1.0) 0.9856 [+0.0000] | (0.75,1.0) 0.9816 [+0.0000] | (0.5,1.0) 0.9777 [+0.0000] | (0.25,1.0) 0.9738 [+0.0000] | (0.0,1.0) 0.9700 [+0.0000]
  veto0.1        acc/1k  3358.6 | (1.0,1.0) 0.9854 [-0.0002] | (0.75,1.0) 0.9817 [+0.0001] | (0.5,1.0) 0.9780 [+0.0004] | (0.25,1.0) 0.9745 [+0.0007] | (0.0,1.0) 0.9710 [+0.0010]
  cons_lam0.15   acc/1k  3364.9 | (1.0,1.0) 0.9856 [-0.0000] | (0.75,1.0) 0.9816 [-0.0000] | (0.5,1.0) 0.9777 [-0.0000] | (0.25,1.0) 0.9738 [+0.0000] | (0.0,1.0) 0.9700 [+0.0000]
  cons_a1.0      acc/1k  3356.1 | (1.0,1.0) 0.9857 [+0.0001] | (0.75,1.0) 0.9817 [+0.0001] | (0.5,1.0) 0.9778 [+0.0001] | (0.25,1.0) 0.9740 [+0.0001] | (0.0,1.0) 0.9702 [+0.0002]
python scripts/205_decoders.py "1:1,0.75:1,0.5:1,0.25:1,0:1"  748.81s user 187.22s system 8% cpu 3:08:40.60 total
